232 96 5 160 0.900000
40 0 1 158 0.300000
160 0 2 165 0.300000
8 176 1 153 0.500000
136 216 0 118 0.900000
224 80 6 124 0.400000
152 208 0 126 0.400000
160 208 0 136 0.300000
56 8 0 140 0.400000
40 0 0 141 0.400000
144 8 3 143 0.300000
40 56 7 142 0.300000
200 160 3 142 0.500000
200 160 0 141 0.700000
208 144 5 141 0.400000
208 160 0 142 0.400000
40 72 1 141 0.900000
128 0 5 140 0.300000
80 0 3 139 0.500000
48 0 6 131 0.700000
160 152 1 140 0.400000
8 0 1 159 0.500000
40 16 3 159 0.600000
144 8 7 157 0.300000
208 144 3 158 0.700000
160 152 1 181 0.600000
216 72 1 164 1.000000
224 128 5 132 0.800000
40 80 7 135 0.300000
168 0 6 136 0.300000
72 48 3 138 0.400000
184 40 7 120 0.900000
176 8 6 160 0.400000
80 40 3 161 0.500000
184 16 3 164 0.800000
8 168 6 150 0.400000
160 24 2 116 0.300000
64 8 7 123 0.500000
48 0 2 125 0.600000
56 8 0 135 0.800000
200 176 1 140 0.400000
48 16 4 140 0.300000
208 136 1 141 0.500000
56 32 7 141 0.500000
232 160 4 141 0.500000
104 24 4 139 0.300000
48 16 7 139 0.300000
80 48 7 142 0.300000
184 16 3 140 0.500000
64 8 7 139 0.500000
176 16 0 139 0.300000
200 184 3 134 0.300000
24 0 1 131 0.400000
160 208 0 159 0.600000
232 160 6 162 0.300000
48 8 6 160 0.300000
136 216 3 157 0.300000
200 16 0 158 0.700000
216 208 2 195 0.500000
160 168 2 137 0.900000
120 224 2 135 0.400000
112 152 2 138 0.300000
232 8 0 113 1.000000
136 232 7 84 0.900000
192 24 4 162 0.700000
208 176 3 164 0.700000
128 176 4 162 0.300000
8 176 1 149 0.500000
160 32 0 115 0.300000
232 80 2 122 0.500000
48 8 0 125 0.600000
48 8 2 134 0.300000
40 48 4 138 0.400000
32 0 0 139 0.300000
40 0 7 140 0.300000
56 8 7 140 0.300000
80 32 1 139 0.400000
32 208 4 139 0.300000
32 232 7 141 0.900000
216 144 5 138 0.600000
120 152 7 139 0.300000
8 0 1 139 0.300000
184 0 3 138 0.400000
48 8 1 134 0.500000
216 168 2 130 0.300000
144 200 0 153 0.500000
176 16 0 159 0.500000
136 216 7 158 0.300000
168 8 7 158 0.400000
192 16 3 153 0.700000
216 72 2 174 0.700000
224 200 2 178 0.900000
152 200 0 130 0.600000
232 8 0 112 1.000000
192 16 4 86 0.900000
40 24 1 84 0.500000
8 0 0 165 0.700000
0 32 0 147 0.400000
16 64 1 162 0.300000
8 168 6 151 0.400000
160 16 0 113 0.400000
48 8 4 121 0.400000
152 208 0 126 0.400000
176 16 5 134 0.600000
184 16 1 137 0.300000
232 104 1 139 0.300000
40 208 3 142 0.300000
232 112 5 141 1.000000
232 120 1 149 0.900000
48 24 0 161 1.000000
0 16 5 172 0.400000
168 216 4 175 0.400000
216 72 5 159 0.800000
216 144 5 137 1.000000
144 208 7 136 0.300000
120 152 1 131 0.400000
0 80 2 129 0.500000
144 8 6 150 0.800000
192 16 5 155 0.500000
216 136 0 155 0.600000
136 224 7 152 0.700000
40 0 1 149 0.400000
208 72 2 151 0.500000
232 56 2 196 0.700000
200 48 0 128 0.900000
192 16 4 83 0.900000
192 208 3 86 0.500000
96 0 7 83 0.500000
120 176 1 156 1.000000
176 40 1 124 0.500000
16 96 1 164 0.300000
8 176 1 149 0.500000
160 8 2 109 0.400000
40 88 5 119 0.800000
48 32 0 123 0.500000
192 208 1 131 0.400000
192 16 5 135 0.500000
64 32 0 138 1.000000
136 176 2 131 0.300000
136 200 0 138 0.300000
136 184 2 143 0.300000
144 208 0 152 0.700000
168 232 0 171 0.600000
192 208 6 181 0.700000
224 88 6 185 0.800000
200 40 7 176 0.900000
216 8 4 137 1.000000
144 200 7 126 0.300000
0 80 2 126 0.700000
128 144 6 154 0.400000
184 32 1 148 0.300000
184 32 0 148 0.400000
224 128 6 151 0.400000
184 0 1 149 0.500000
224 120 4 151 0.500000
200 224 7 150 1.000000
208 72 6 87 1.000000
96 0 1 85 0.900000
80 80 6 85 0.400000
232 16 6 91 1.000000
96 128 6 126 0.500000
24 0 6 123 0.800000
16 32 1 164 0.300000
8 176 1 148 0.500000
160 16 2 110 0.500000
32 16 2 119 0.300000
160 208 0 123 0.400000
136 200 0 131 0.300000
232 72 6 135 0.800000
96 48 4 129 0.300000
232 176 6 131 0.900000
144 232 2 135 0.700000
152 104 3 144 0.500000
40 56 0 149 0.900000
160 208 0 168 1.000000
120 32 0 179 1.000000
208 112 3 190 1.000000
192 208 5 195 0.800000
160 200 0 193 0.700000
168 192 4 121 0.600000
0 176 0 122 0.400000
16 32 1 155 0.400000
160 144 2 145 0.600000
184 40 0 116 0.700000
208 120 2 151 0.500000
80 8 4 150 0.800000
192 40 1 150 1.000000
224 48 6 92 1.000000
8 8 6 85 0.500000
80 80 6 85 0.600000
160 232 2 97 1.000000
184 32 2 141 1.000000
216 144 6 113 0.500000
24 0 1 123 0.700000
16 8 1 163 0.400000
8 176 6 149 0.500000
160 16 0 110 0.400000
176 0 7 119 0.500000
48 32 2 123 0.600000
104 0 1 131 0.900000
56 96 1 134 0.300000
184 16 5 128 0.500000
120 48 2 132 0.600000
120 144 2 142 0.500000
224 120 5 146 0.700000
144 24 1 145 0.500000
128 24 1 171 0.600000
72 48 7 186 0.900000
184 0 1 189 0.900000
216 112 0 192 0.600000
224 120 1 195 0.500000
160 200 0 188 0.900000
176 200 0 119 0.600000
16 32 1 154 0.400000
8 168 1 146 0.400000
0 40 1 88 0.700000
216 80 2 136 0.700000
48 96 3 151 0.300000
224 56 6 112 1.000000
168 232 2 85 0.500000
232 112 7 85 0.500000
232 208 6 87 0.500000
136 88 0 135 0.600000
88 40 3 160 0.900000
136 232 1 114 0.500000
24 0 6 122 0.700000
16 40 6 163 0.300000
8 176 6 149 0.500000
24 8 1 107 0.300000
232 160 0 118 0.500000
48 0 0 122 0.400000
48 88 2 135 0.700000
48 80 1 135 0.700000
216 128 4 128 0.800000
80 48 0 136 0.600000
232 232 4 141 0.400000
216 8 7 142 0.500000
160 200 7 167 0.400000
40 16 7 176 0.800000
80 40 2 182 0.500000
136 200 4 186 0.400000
120 48 0 189 0.600000
208 152 1 192 0.900000
144 232 4 195 0.600000
216 72 1 160 1.000000
200 184 4 153 0.600000
224 160 6 146 0.700000
168 192 1 97 1.000000
232 184 4 171 1.000000
192 64 2 199 0.600000
224 24 2 92 0.800000
224 128 3 87 0.400000
184 24 4 86 0.400000
216 72 0 118 1.000000
128 24 7 156 0.300000
56 0 1 161 0.300000
144 0 7 119 0.300000
24 0 6 126 0.500000
16 8 6 164 0.400000
8 168 1 152 0.500000
24 8 6 110 0.300000
104 0 5 120 0.500000
152 216 0 123 0.300000
216 184 0 147 1.000000
0 80 1 129 1.000000
112 48 0 126 0.500000
112 32 0 134 0.300000
96 48 0 140 0.700000
120 160 4 156 0.900000
144 104 0 168 0.400000
168 232 4 174 0.500000
184 24 0 174 0.900000
96 72 4 179 0.500000
224 168 7 184 0.300000
112 64 0 182 1.000000
48 24 4 189 0.600000
168 224 4 189 0.700000
136 24 4 164 0.600000
168 88 6 162 0.700000
216 88 3 184 1.000000
136 224 7 193 0.900000
160 224 2 199 0.500000
48 88 1 97 1.000000
152 8 2 83 0.300000
216 8 1 95 0.800000
192 56 0 154 0.400000
80 0 3 160 0.800000
200 168 5 158 0.700000
80 0 1 118 0.800000
0 176 0 127 0.600000
224 160 0 166 0.300000
8 168 1 154 0.500000
160 16 2 110 0.400000
112 0 5 119 0.400000
48 40 0 120 0.400000
200 56 1 153 0.600000
112 176 6 141 0.700000
192 192 3 125 0.400000
96 48 0 136 0.500000
128 160 1 148 0.500000
0 16 4 152 0.500000
208 184 1 160 0.500000
232 224 3 167 0.600000
32 40 4 170 0.400000
144 200 4 170 0.400000
32 0 4 175 0.800000
208 168 3 179 0.900000
136 208 7 175 1.000000
104 232 4 175 0.300000
168 72 0 185 0.900000
8 8 3 189 1.000000
136 232 7 190 0.800000
0 24 0 183 0.600000
168 216 2 180 1.000000
216 144 6 83 0.800000
192 192 7 85 0.300000
224 64 0 135 0.800000
152 80 3 160 0.500000
136 8 2 160 0.500000
56 0 3 159 0.500000
56 24 3 117 0.500000
0 176 2 128 0.600000
16 32 6 166 0.400000
8 168 1 155 0.500000
24 8 1 110 0.300000
128 200 4 118 0.300000
176 0 3 119 0.400000
200 56 1 156 0.700000
152 200 6 157 1.000000
64 136 6 131 0.500000
96 56 4 141 0.300000
0 16 4 145 0.600000
40 48 0 148 1.000000
120 24 2 152 0.500000
200 184 0 150 1.000000
112 224 7 154 0.600000
216 88 7 160 0.400000
160 144 3 160 0.400000
104 144 4 163 0.300000
152 168 4 174 0.300000
0 16 4 184 0.400000
232 128 6 186 0.300000
224 128 6 190 0.800000
168 80 3 191 0.400000
224 200 3 151 0.500000
200 64 0 134 1.000000
216 152 0 85 0.300000
208 80 0 107 1.000000
144 104 0 156 0.400000
192 16 0 160 0.400000
232 96 5 159 0.800000
144 0 5 159 0.300000
176 0 4 120 0.800000
0 176 2 131 0.500000
16 8 1 167 0.400000
8 168 1 156 0.500000
24 8 6 109 0.300000
56 0 0 119 0.600000
80 0 3 118 0.500000
200 64 1 153 0.700000
24 80 0 161 0.700000
64 64 0 135 0.600000
0 16 6 140 0.700000
104 224 6 140 0.300000
0 16 0 143 0.600000
184 72 0 133 0.600000
120 120 0 109 0.400000
168 144 3 125 0.900000
0 56 4 109 1.000000
152 40 7 101 0.800000
232 56 3 165 1.000000
168 224 7 184 0.300000
176 8 0 185 0.400000
144 16 1 188 0.500000
152 48 5 165 0.800000
168 104 5 136 0.800000
96 136 3 145 0.800000
208 48 0 92 1.000000
120 168 2 85 0.300000
216 80 0 136 0.900000
224 80 0 162 0.700000
232 160 5 161 0.400000
200 168 0 158 0.500000
144 8 2 157 0.300000
48 0 6 123 0.400000
0 176 2 129 0.500000
16 24 1 166 0.400000
8 168 1 157 0.400000
24 8 6 108 0.300000
32 8 0 118 0.300000
72 48 0 119 0.400000
216 8 6 132 1.000000
8 184 6 176 0.500000
104 224 6 137 0.300000
104 224 6 136 0.300000
136 96 4 138 0.300000
160 160 3 119 0.600000
232 128 3 98 1.000000
80 136 1 93 0.600000
176 48 6 101 0.400000
184 152 0 112 0.800000
128 24 1 168 0.800000
232 32 6 177 0.300000
152 200 0 177 0.400000
184 72 3 180 0.300000
216 8 5 127 1.000000
112 192 0 146 0.700000
200 40 3 156 1.000000
224 48 6 92 1.000000
80 48 6 86 0.500000
200 96 0 98 0.900000
192 224 5 156 0.400000
128 224 2 164 0.700000
232 88 0 162 0.800000
192 208 7 160 0.400000
208 168 2 157 0.300000
48 24 1 123 0.400000
216 168 2 124 0.600000
224 168 2 166 0.300000
8 40 1 158 0.600000
152 16 6 108 0.900000
144 16 4 118 0.400000
152 208 2 121 0.300000
168 8 6 125 1.000000
56 80 0 171 1.000000
112 48 7 132 0.400000
104 224 4 136 0.300000
112 176 1 111 0.900000
232 8 1 95 0.400000
160 168 1 96 0.500000
200 80 2 93 0.500000
112 104 3 104 0.700000
184 40 5 152 0.800000
184 40 1 173 0.300000
176 24 1 171 0.400000
112 176 2 181 0.400000
144 224 5 188 0.600000
224 216 2 122 0.900000
160 152 1 134 0.700000
48 56 6 88 0.700000
128 144 4 89 0.300000
232 112 7 84 0.700000
160 152 6 122 0.800000
120 24 7 159 0.500000
128 232 5 164 0.500000
232 176 2 163 0.400000
128 208 1 161 0.300000
48 24 6 158 0.400000
144 16 0 121 0.400000
216 168 0 123 0.500000
16 8 6 166 0.600000
8 168 1 159 0.400000
152 16 6 110 1.000000
56 0 2 121 0.500000
0 80 0 124 0.600000
192 8 1 131 0.400000
176 136 0 144 0.700000
104 48 3 136 0.300000
112 104 6 106 0.500000
176 144 0 89 0.300000
232 208 6 88 0.400000
176 152 0 96 0.300000
136 24 7 103 1.000000
136 32 7 161 0.500000
8 208 0 169 0.300000
224 224 0 165 0.300000
152 200 2 171 0.800000
48 8 2 188 0.500000
48 8 2 195 0.500000
24 232 2 145 1.000000
224 208 1 113 1.000000
32 232 2 91 0.600000
200 184 7 90 0.300000
208 72 0 88 0.700000
168 144 6 149 0.400000
32 24 3 160 0.500000
152 0 3 158 0.300000
136 144 5 156 0.400000
200 184 0 157 0.400000
144 16 0 156 0.400000
184 16 2 120 0.400000
216 160 2 122 0.700000
200 184 4 167 0.600000
8 168 1 159 0.500000
152 16 6 110 1.000000
120 8 1 121 0.300000
136 144 1 123 0.300000
216 32 6 139 0.300000
184 144 2 124 0.800000
232 192 0 120 0.400000
56 184 2 101 0.900000
120 80 4 89 0.300000
0 40 2 87 0.700000
160 184 7 95 0.700000
232 48 0 151 0.800000
200 8 2 171 0.400000
144 32 5 149 0.500000
216 176 7 137 0.700000
184 32 4 162 1.000000
168 8 0 181 1.000000
184 32 7 178 1.000000
144 32 2 135 1.000000
184 128 6 101 1.000000
184 232 0 104 0.700000
224 144 6 89 0.300000
192 128 0 109 0.800000
192 144 0 156 0.300000
176 16 0 160 0.500000
176 16 0 161 0.900000
200 136 5 157 0.300000
144 216 3 154 0.500000
200 192 0 149 0.300000
232 112 0 118 0.500000
216 160 2 116 0.800000
224 160 0 167 0.400000
8 176 6 160 0.500000
152 16 6 110 1.000000
40 0 5 120 0.800000
216 168 0 125 1.000000
192 40 1 153 1.000000
120 96 4 108 0.800000
56 160 7 101 0.400000
112 16 5 102 1.000000
56 56 2 89 0.600000
88 216 0 88 0.700000
200 112 0 122 1.000000
208 16 2 179 0.300000
184 48 6 120 0.800000
24 56 4 99 0.600000
216 232 7 129 1.000000
152 216 0 141 0.900000
200 0 2 177 0.700000
160 168 3 114 1.000000
216 8 0 99 0.900000
184 128 6 95 1.000000
184 128 2 113 1.000000
8 0 0 85 0.400000
160 104 1 128 0.700000
168 224 1 159 0.300000
232 168 2 157 0.500000
120 232 4 157 0.500000
184 16 0 155 0.500000
152 200 7 152 0.500000
232 128 0 147 0.500000
200 200 2 117 0.500000
216 160 2 111 0.900000
8 168 0 168 0.300000
8 168 1 163 0.500000
24 0 1 115 0.300000
224 8 2 126 0.300000
200 0 7 130 0.900000
224 24 3 107 1.000000
72 232 2 106 0.700000
64 208 0 105 0.600000
8 168 6 112 0.600000
128 0 1 83 0.700000
216 8 1 92 0.900000
216 80 0 165 0.700000
136 24 5 144 1.000000
144 112 3 150 0.700000
120 128 1 149 0.500000
104 144 3 160 0.300000
224 112 4 141 0.400000
0 208 0 179 0.500000
104 112 1 146 0.300000
216 72 1 109 0.500000
184 120 6 93 0.700000
24 232 0 120 0.700000
88 200 1 88 0.500000
144 112 2 148 0.800000
192 16 3 157 0.400000
64 8 0 156 0.300000
144 16 3 154 0.600000
192 16 0 148 0.900000
208 208 3 161 0.700000
200 128 3 178 0.400000
160 232 7 107 0.400000
216 160 2 104 1.000000
224 160 2 166 0.500000
8 168 6 163 0.400000
24 0 6 114 0.300000
152 136 5 132 0.500000
160 168 3 114 0.700000
192 128 2 110 0.500000
232 40 6 95 0.800000
216 64 7 94 0.600000
176 40 1 112 0.800000
208 72 1 87 0.900000
208 96 0 135 1.000000
160 192 5 129 0.900000
112 160 2 136 0.900000
152 216 0 159 0.700000
168 0 1 172 0.700000
160 208 1 163 1.000000
136 200 6 144 0.700000
0 224 0 179 0.500000
8 176 1 156 0.300000
8 168 1 122 0.700000
176 120 0 90 0.300000
200 64 2 121 0.700000
224 216 6 103 0.800000
200 184 5 156 0.500000
48 8 1 156 0.300000
56 8 7 153 0.500000
168 232 1 149 0.400000
216 72 0 162 0.600000
136 224 7 186 0.300000
152 216 5 187 0.500000
152 232 6 103 0.300000
216 160 2 99 1.000000
224 160 0 165 0.400000
8 168 1 162 0.400000
24 120 1 117 0.500000
224 152 6 123 0.900000
80 168 0 111 0.300000
168 136 6 120 0.800000
168 144 2 96 0.600000
112 192 0 92 0.700000
104 128 4 117 0.600000
216 32 6 102 0.700000
176 96 0 143 1.000000
104 16 3 92 0.800000
160 144 1 134 0.300000
160 232 0 152 0.500000
152 216 4 163 0.500000
160 224 1 154 1.000000
200 192 2 140 0.300000
24 232 1 174 0.700000
152 208 1 154 0.700000
224 208 0 109 0.700000
168 184 1 89 0.900000
160 104 0 125 0.800000
160 152 6 121 1.000000
152 200 1 159 0.300000
120 8 3 155 0.500000
48 24 6 152 0.300000
216 152 0 149 0.900000
192 40 2 183 0.500000
88 40 0 191 0.700000
128 232 4 194 0.500000
208 168 2 104 0.400000
224 216 6 109 0.600000
32 40 0 165 1.000000
8 168 1 163 0.400000
152 8 6 114 1.000000
160 24 1 116 1.000000
104 136 6 107 0.500000
24 120 6 113 0.400000
192 136 1 112 0.800000
64 104 2 95 0.800000
104 112 3 110 0.800000
8 176 0 139 1.000000
168 192 5 96 0.900000
200 56 1 101 0.300000
208 176 6 134 1.000000
48 8 0 148 0.800000
160 224 0 156 0.300000
120 176 6 155 0.500000
8 24 3 141 0.700000
216 224 6 164 0.500000
160 224 1 146 0.800000
192 112 6 90 0.800000
0 232 1 93 0.300000
0 208 0 123 0.900000
192 152 0 143 0.900000
144 216 1 157 0.300000
224 128 0 154 0.300000
56 0 1 151 0.700000
192 128 0 161 0.600000
192 16 4 190 0.900000
216 136 4 195 0.400000
40 32 5 196 0.400000
160 0 4 97 0.300000
24 0 1 113 1.000000
112 152 2 166 0.500000
16 32 0 165 1.000000
168 112 1 116 0.300000
24 160 0 115 0.700000
48 88 1 98 0.500000
0 184 3 108 0.500000
168 200 6 118 0.300000
112 104 0 119 0.900000
208 8 2 151 0.800000
208 40 0 105 0.900000
176 192 0 88 0.300000
200 56 6 100 0.300000
160 144 1 133 0.300000
160 216 0 145 0.400000
160 200 2 146 0.300000
16 8 5 146 1.000000
200 48 3 154 0.400000
160 104 5 161 0.600000
160 152 0 121 1.000000
144 144 2 88 0.300000
208 176 2 97 1.000000
176 232 6 120 0.800000
144 0 1 154 0.900000
48 24 1 155 0.300000
232 160 5 153 0.300000
48 0 1 149 0.400000
8 40 2 168 0.900000
224 80 0 195 0.500000
200 152 6 196 0.400000
200 168 4 198 0.400000
192 16 5 89 0.800000
24 232 6 114 0.500000
8 40 2 168 0.300000
8 168 1 165 0.400000
184 80 4 121 0.400000
168 144 0 111 0.700000
80 200 1 94 0.400000
176 152 1 124 0.700000
152 40 1 118 0.300000
176 168 2 150 0.700000
184 88 3 129 0.900000
168 160 1 86 0.400000
224 104 5 89 0.700000
112 216 2 97 0.500000
112 168 0 118 1.000000
152 200 0 138 0.600000
128 104 1 147 0.300000
112 152 3 138 0.400000
152 144 5 148 0.700000
224 192 0 148 0.400000
224 48 6 91 0.900000
64 56 6 89 0.400000
0 144 2 102 0.400000
200 56 6 123 0.600000
32 104 0 157 0.300000
232 96 4 156 0.500000
56 8 6 153 0.700000
160 216 1 148 0.500000
8 40 2 177 1.000000
80 40 3 198 0.300000
224 80 4 198 0.600000
192 192 2 196 0.300000
136 216 7 84 0.300000
160 144 1 120 0.600000
8 168 0 165 0.300000
224 160 1 164 0.600000
8 200 2 112 0.300000
184 184 1 99 0.300000
176 144 1 90 0.300000
176 32 0 125 0.800000
56 184 6 130 0.600000
96 152 1 133 0.700000
208 72 6 90 0.700000
104 200 1 88 0.300000
152 0 4 86 0.300000
192 104 2 90 0.400000
216 8 3 96 0.300000
112 176 0 120 0.800000
200 200 6 144 0.700000
120 144 5 156 0.800000
16 56 4 164 0.300000
192 136 6 122 0.900000
64 72 1 87 0.300000
32 216 1 93 0.700000
136 216 6 105 0.700000
216 192 0 127 1.000000
168 8 4 156 0.700000
176 16 0 155 0.500000
160 216 1 153 0.300000
160 208 1 143 0.700000
160 104 1 183 0.700000
232 160 2 199 0.300000
200 200 2 197 0.300000
200 128 4 185 1.000000
224 216 7 90 0.400000
224 216 1 105 0.500000
224 160 2 163 0.400000
192 152 1 164 0.500000
232 232 0 121 1.000000
56 88 0 92 0.300000
56 48 1 91 0.500000
200 0 6 120 0.700000
96 136 0 123 0.300000
144 152 7 132 0.500000
208 40 2 104 0.800000
8 208 1 93 0.300000
8 0 2 85 0.300000
104 32 0 87 0.300000
176 168 0 93 0.300000
224 160 3 122 0.900000
184 192 3 139 0.400000
208 184 5 152 0.400000
128 176 3 160 0.900000
152 192 0 157 1.000000
208 80 5 112 1.000000
0 168 0 92 0.700000
0 80 6 109 0.400000
200 56 1 129 0.500000
0 32 7 136 0.300000
24 16 3 136 0.500000
8 160 7 139 0.400000
208 184 0 135 0.700000
224 184 0 191 0.800000
120 216 6 195 0.500000
232 192 3 148 0.900000
192 192 1 96 1.000000
184 32 3 140 0.600000
0 32 2 105 0.800000
224 168 0 161 0.700000
8 32 6 164 0.400000
192 136 6 115 0.900000
0 176 2 91 0.700000
200 0 7 101 0.500000
224 216 1 102 0.600000
112 184 4 108 0.500000
120 136 3 135 0.600000
88 120 6 120 1.000000
96 160 2 93 0.500000
152 24 2 87 0.500000
232 112 4 90 0.800000
192 192 4 97 0.900000
16 8 1 130 0.700000
104 48 0 143 0.300000
152 0 2 148 0.300000
136 200 0 164 0.900000
168 232 4 181 0.600000
160 224 0 191 0.400000
232 192 7 146 1.000000
8 16 0 98 0.600000
8 160 0 130 0.800000
168 8 3 150 0.700000
112 168 3 143 0.400000
168 232 3 130 1.000000
8 24 6 131 0.600000
120 216 0 194 1.000000
224 200 0 158 1.000000
96 56 3 106 0.600000
144 200 3 114 0.500000
24 232 1 124 1.000000
8 136 1 123 1.000000
16 32 1 163 1.000000
8 32 1 166 0.400000
24 64 0 102 1.000000
56 48 6 86 0.300000
176 104 1 97 0.600000
88 56 7 90 0.800000
192 192 7 105 1.000000
216 168 0 124 0.700000
8 208 6 123 0.800000
176 176 1 104 1.000000
48 64 1 88 0.300000
152 8 2 90 1.000000
0 232 1 110 0.500000
184 168 0 133 0.400000
224 104 4 146 0.400000
48 40 0 150 0.500000
144 216 0 160 0.500000
160 224 0 172 0.400000
152 208 0 186 0.500000
112 144 0 198 0.300000
200 72 2 118 1.000000
184 176 2 134 1.000000
120 232 6 151 0.500000
88 40 4 147 0.400000
152 216 1 140 0.300000
112 176 5 168 1.000000
224 72 6 196 0.400000
200 96 6 125 1.000000
200 0 2 121 0.300000
176 24 5 119 0.500000
224 208 1 110 1.000000
8 144 6 126 1.000000
224 168 2 163 0.800000
224 160 6 166 0.500000
184 128 2 98 0.900000
96 16 0 84 0.300000
0 208 6 98 0.400000
152 144 2 86 0.300000
48 184 0 92 0.400000
216 16 1 123 0.500000
176 224 3 129 0.600000
176 160 3 106 0.700000
200 16 3 93 0.600000
224 216 6 101 0.600000
8 32 6 121 0.800000
120 208 0 137 1.000000
128 48 3 146 0.300000
144 200 0 147 0.300000
144 208 0 155 0.500000
152 216 0 167 0.500000
152 208 0 183 0.600000
168 232 0 196 0.400000
168 208 0 161 1.000000
224 176 0 142 1.000000
224 128 3 150 0.400000
48 0 6 145 0.400000
184 128 1 147 0.700000
200 192 5 198 0.300000
160 152 0 174 0.900000
200 192 4 120 0.300000
0 32 0 120 0.300000
88 40 6 118 0.900000
24 112 6 101 1.000000
8 152 1 134 1.000000
224 168 2 160 0.900000
192 144 1 167 0.300000
224 216 2 101 0.800000
8 8 3 87 1.000000
104 216 0 90 0.300000
232 120 2 87 0.900000
64 232 0 96 0.600000
232 48 7 112 0.600000
96 144 1 117 0.400000
128 136 3 87 0.400000
112 136 4 86 0.300000
160 152 6 119 0.500000
176 216 2 120 0.400000
112 168 2 144 0.300000
208 160 2 148 0.500000
0 0 7 146 0.300000
160 208 0 152 0.400000
144 216 0 162 0.600000
152 216 0 177 0.600000
160 224 0 192 0.400000
168 216 0 193 0.500000
144 184 5 136 0.500000
192 152 7 143 0.500000
168 0 4 146 0.800000
112 136 5 149 0.400000
8 24 0 185 1.000000
224 216 0 147 0.900000
96 56 4 115 0.400000
152 80 3 117 0.800000
200 40 0 113 0.300000
224 216 6 104 0.900000
192 144 1 147 1.000000
8 168 0 157 0.500000
16 32 0 166 0.900000
24 120 2 101 0.700000
80 48 0 86 0.800000
80 128 1 89 0.300000
136 208 6 87 0.900000
232 16 5 90 0.700000
200 0 6 122 0.800000
224 144 1 101 1.000000
224 128 0 81 0.600000
200 104 0 95 0.500000
200 40 0 123 0.700000
184 40 2 123 0.700000
208 168 6 146 0.400000
176 0 1 149 0.400000
136 216 6 146 0.400000
144 224 0 148 0.400000
152 216 0 157 0.400000
152 216 0 170 0.600000
160 216 0 188 0.600000
144 208 0 198 0.300000
224 216 2 135 1.000000
192 192 0 111 0.900000
0 184 4 99 0.900000
144 192 3 154 1.000000
224 192 0 180 0.900000
224 224 0 107 0.700000
96 224 0 113 0.300000
144 96 0 115 1.000000
160 8 1 103 0.900000
160 136 6 118 0.800000
160 104 0 155 0.500000
8 168 2 156 0.600000
224 176 1 166 0.900000
192 120 6 95 0.700000
224 112 4 86 0.700000
184 136 1 91 0.300000
176 104 6 97 0.400000
56 64 2 93 0.400000
24 160 1 110 0.600000
24 56 2 94 0.600000
88 232 0 81 0.300000
104 224 3 105 0.600000
184 40 5 117 0.600000
48 32 2 141 0.600000
208 176 1 146 0.300000
232 104 5 149 0.300000
152 104 5 150 0.300000
192 24 7 148 0.500000
152 232 0 152 0.400000
160 224 0 163 0.400000
160 232 0 180 0.500000
168 232 0 195 0.400000
200 64 2 159 0.700000
128 176 6 121 0.300000
104 24 3 114 1.000000
216 24 1 151 0.600000
216 8 5 116 1.000000
200 8 2 107 0.500000
0 192 5 107 0.400000
104 216 0 121 0.400000
152 224 1 98 0.800000
184 120 6 95 0.700000
16 224 6 174 1.000000
8 168 0 156 0.600000
224 168 6 163 1.000000
168 144 0 87 0.300000
192 16 6 92 1.000000
176 160 2 99 0.500000
104 16 7 103 1.000000
176 88 7 103 0.600000
96 232 7 99 0.600000
232 8 2 98 0.700000
112 176 2 101 0.800000
120 176 2 129 0.400000
208 176 6 138 0.300000
96 0 6 141 0.500000
176 8 5 145 0.400000
192 200 6 148 0.300000
232 176 6 151 0.500000
144 0 4 152 0.300000
56 24 5 153 0.700000
152 208 2 161 0.400000
152 208 0 173 0.600000
144 216 0 189 0.700000
168 208 0 179 0.600000
144 216 0 117 1.000000
208 184 4 132 0.400000
136 200 5 130 1.000000
136 200 6 119 1.000000
80 64 6 109 0.500000
184 40 2 119 0.500000
112 176 1 110 0.900000
216 64 3 95 0.400000
